2 0.25626953125 0.4008203125 0.09931640625 0.17578125
2 0.39865234375 0.35828125 0.106328125 0.19484375
2 0.496328125 0.3389453125 0.10201171875 0.17791015625
2 0.6356640625 0.318984375 0.11162109375 0.207421875
2 0.45203125 0.60552734375 0.10025390625 0.1728515625
2 0.55556640625 0.58447265625 0.11201171875 0.18716796875
2 0.689921875 0.5527734375 0.1246484375 0.18455078125
2 0.37498046875 0.89359375 0.1154296875 0.19779296875
2 0.50978515625 0.8584375 0.102890625 0.188203125
2 0.60984375 0.83845703125 0.1076953125 0.165625
2 0.7522265625 0.8058984375 0.1146875 0.1786328125
2 0.91435546875 0.35740234375 0.1134375 0.1757421875
2 0.958984375 0.60119140625 0.08203125 0.1641796875