2 0.19892578125 0.43267578125 0.097421875 0.13498046875
2 0.27322265625 0.4688671875 0.112109375 0.14314453125
2 0.35400390625 0.50671875 0.1192578125 0.136875
2 0.4621875 0.6003125 0.09509765625 0.1318359375
2 0.56232421875 0.6350390625 0.115234375 0.135859375
2 0.64685546875 0.66673828125 0.1011328125 0.14390625
2 0.76259765625 0.736171875 0.0860546875 0.11875
2 0.86248046875 0.76736328125 0.0775 0.1066796875
2 0.946875 0.820703125 0.10236328125 0.12880859375
2 0.9261328125 0.5701171875 0.0850390625 0.13888671875
2 0.97703125 0.61439453125 0.0459375 0.1157421875